325.84488130000017
331.8054582000002
331.8054579000002
313.92372690000013
328.8101932000001
319.8843043
319.8843044000002
337.7660356
325.84488110000024
325.84488060000024
313.9237266000001
302.00257250000016
313.9237269
319.88430390000013
331.8054577000002
307.9631499000002
313.8637267000002
319.88430400000027
325.8448809000003
325.84488120000026
343.72661240000014
349.68718940000014
337.7660356000002
337.76603550000016
325.8448815
331.80545830000017
337.76603530000017
331.80545810000024
343.7266125000002
337.76603530000006
331.8054580000002
319.8843037000002
302.0025727000001
301.9425722000001
296.0419950000001
296.04199509999995
278.1602642
307.96314950000004
331.8054579000002
307.96314970000014
325.84488110000024
319.88430400000027
355.6477660000002
325.84488110000024
313.9237270000001
319.88430390000025
313.92372680000005
307.9631497
296.04199570000003
302.0025727
290.0814186000001
331.80545780000017
313.92372670000026
307.96314970000026
290.08141840000013
319.8843035000002
319.88430360000024
313.92372640000013
302.00257240000013
302.00257220000015
278.1602640999999
307.9631493000002
313.9237264000002
278.1602638999999
266.2391097000001
278.16026389999996
307.9631493000002
307.96314930000017
290.08141820000014
296.0419951000002
266.2391098
266.23910950000004
272.1996866
284.12084070000014
272.19968650000004
272.1996864999999
266.1791096999999
296.0419952000002
284.06084100000004
307.9631492000002
302.0025721000002
290.08141800000027
284.12084130000005
278.2202641
284.12084129999994
284.12084130000017
313.92372660000024
319.88430360000007
325.8448806000002
307.9631496000001
319.8843036000001
319.88430350000016
343.72661180000017
337.7660346000001
290.08141820000003
302.002572
307.96314910000024
290.0814177
290.081418
302.0025719000001
302.00257210000024
296.0419949000002
278.16026370000014
284.120841
266.23910970000003
296.04199500000004
278.1602641000001
296.0419950999999
296.0419953000001
307.9631495
307.9631494000001
302.0025723
296.0419950000003
290.0814179999999
260.2785329999999
290.08141790000025
313.9237262000002
290.0814181000001
284.12084110000006
290.0814181
284.1208409
284.1208408999999
302.0025719000001
266.23910959999995
302.00257170000015
284.12084080000005
272.19968690000013
313.92372640000013
313.92372660000024
337.76603480000017
307.9631497000002
313.9237266
302.0025723000001
296.04199530000005
272.1996866
266.23910969999974
284.0608408000001
290.08141770000003
272.1996866000001
278.16026359999984
260.2785326
278.1602637999999
284.120841
296.0419951000001
302.0025719000002
319.94430300000033
290.0814181000001
290.0814176000001
266.23910950000004
278.1602634999999
260.2785321999999
275.1649985000002
266.23910970000003
278.1602638000001
302.0025720000001
278.16026370000014
290.08141790000013
290.08141789999996
266.2391098000001
302.0025720000001
319.8843031000003
290.08141790000013
278.1602636000001
272.19968659999995
254.3179552
272.1996864000002
248.35737809999972
248.35737809999992
254.31795499999996
266.23910930000005
230.47564679999996
242.3968009
260.2785320000002
254.31795500000007
260.27853209999995
239.40153580000006
242.39680089999976
254.31795480000005
224.51506939999996
236.4362235
230.47564640000016
248.35737779999977
242.39680080000016
260.27853200000015
266.23910909999984
230.47564670000003
248.35737800000004
260.27853220000003
254.3179548000001
260.2185318
236.43622379999985
254.31795489999996
212.5939155
224.51506930000008
212.59391510000015
230.47564640000002
236.43622350000004
242.39680060000006
230.47564690000013
275.16499860000005
272.19968670000014
284.0608406999999
266.23910950000015
248.35737839999993
260.27853200000015
251.35264289999975
242.3968011
272.1996864000002
266.2391094000002
284.12084060000007
293.04672980000026
290.0814179000001
290.08141780000005
302.0025721000001
296.04199520000003
307.96314920000015
313.9237264000001
302.00257220000003
319.88430340000025
307.96314920000015
307.9631491000002
284.1208409
284.1208408000001
278.1002637999998
272.19968650000004
278.1602637000001
284.060841
296.04199500000016
284.1208410000001
319.9443032000003
284.1208414000001
278.1602642
296.0419949000001
293.0467299000001
290.0214176000001
296.04199460000007
272.1996864000002
260.2785326
272.19968679999994
275.1649986000001
254.3179554
278.1602633
260.2785322999999
272.19968629999994
260.2785321
242.39680080000002
248.35737780000025
236.43622379999985
230.47564670000017
242.39680069999997
248.3573777999999
236.43622389999993
254.31795509999995
266.23910920000014
266.23910930000005
272.1996866000001
278.1602636
284.1208406000001
290.08141780000017
284.1208406000001
272.1996867999999
284.1208409
290.0814178000001
284.1208407000002
284.12084060000007
254.31795510000003
260.27853200000004
275.16499860000005
266.2391093
260.2785325000001
272.1996867000001
284.12084080000005
266.23910959999995
272.1996866
296.04199500000004
284.1208408
260.2785326
284.1208408999999
272.19968660000006
260.3385325
254.31795509999992
260.27853209999995
254.31795519999991
260.27853220000003
260.27853219999986
260.27853210000006
272.19968609999984
254.31795489999996
230.47564669999974
260.27853209999995
230.47564680000013
260.2785323999998
272.1996861
272.19968630000005
254.31795540000007
278.16026370000003
260.2785327
272.19968659999995
284.12084050000027
260.27853239999996
290.0814178
313.9237260000001
284.12084070000003
254.3179555000001
290.08141770000003
290.08141770000015
284.120841
290.08141820000003
307.96314940000013
302.00257270000003
331.80545790000025
290.08141880000016
313.9237265000001
319.8843036000002
296.04199539999996
302.00257200000016
296.0419950000001
284.12084080000005
278.16026359999995
272.19968660000006
284.1208406999999
290.0214176000001
284.1208408
266.23910979999994
296.0419946000001
266.2391095000001
266.2391096000002
272.19968689999996
296.0419949000001
284.120841
290.08141770000003
284.1208408000001
272.1996866
242.39680099999984
254.31795500000004
272.1996861
254.31795510000012
272.1996862
260.27853210000006
260.27853229999994
254.31795539999996
272.19968670000003
272.1996866
278.1602636999998
284.12084080000017
290.0814179000001
302.00257190000013
284.1208411000002
302.00257189999996
307.96314900000016
296.0419947
254.3179556000001
296.0419949000001
266.23910989999973
290.0814178000002
278.1602638999998
296.0419949000001
296.04199480000005
307.96314900000004
278.1602637
278.1602635
278.1602636000001
290.0814176000002
254.3179551999999
260.2785322
266.2391094000001
278.16026350000004
266.23910920000003
236.43622379999996
218.55449269999997
266.23910909999995
236.4362236
230.47564660000006
212.59391530000008
230.4756465
224.51506929999994
230.47564650000007
230.53564639999993
236.43622349999984
242.39680050000007
230.47564650000004
248.35737780000022
272.1996859999999
248.35737790000002
248.3573778000001
242.39680090000002
242.39680080000005
272.1996861000001
263.2438442999999
242.3968010000001
248.35737790000007
251.35264269999988
254.31795510000003
248.35737819999974
266.2391090000001
242.45680090000005
248.35737799999987
248.35737799999995
248.35737779999982
242.3968008
242.39680090000002
242.3968010000001
272.1996865000002
284.1208406000001
284.12084090000013
266.2391097
296.0419950000002
278.16026400000004
307.9631493000001
313.92372650000027
296.0419955000002
319.8843038000002
302.00257250000004
302.0025722000002
302.00257200000004
302.00257200000016
296.0419947000002
272.19968629999994
260.27853220000014
248.35737800000012
260.27853220000003
284.1208405
266.2391097
278.1602640999999
290.08141830000017
325.8448803000002
302.0025722
290.08141820000003
307.9631494
278.1602642999999
302.00257220000015
307.9631492000002
278.1602639999999
302.00257190000013
278.1602639
278.1602635000001
290.08141770000003
260.2785321
248.3573781000002
272.19968620000014
284.12084040000013
260.2785321
254.31795499999996
236.4362236999999
242.39680089999987
230.47564669999963
230.47564659999978
248.35737820000014
266.2391091000001
260.2785321999998
242.39680109999995
266.2391091999999
254.31795529999988
278.16026340000013
284.12084050000016
260.27853220000003
236.4362241
278.1602635000001
272.1996868
307.9631492000001
284.120841
278.1602639999998
296.0419954000002
296.0419949000001
313.9237263000001
307.96314940000025
325.84488060000035
319.8843037000003
278.16026439999996
331.8054577000002
307.9631495
296.0419954000001
307.96314950000027
313.92372670000015
349.6871888000002
302.0025728000002
319.8843041000001
337.76603530000017
331.80545820000015
307.9631495000001
313.92372670000003
313.92372670000015
302.0025729
302.00257250000016
337.7660346000002
296.0419952000001
290.0814186000001
313.92372660000024
307.9631496000001
319.8843038000001
310.92846180000004
325.84488070000026
302.0025727000002
325.8448810000002
307.9631498000002
325.7848809000002
313.9237266000001
313.9237266000003
302.0025724000001
307.96314950000016
307.9631496000001
278.16026400000004
290.0814180000002
302.0025722000001
290.08141809999995
278.16026390000013
284.1208411000001
296.0419951000002
302.0025722000002
302.0025721000001
296.0419952000001
319.88430340000014
307.9631495000001
284.1208410000001
284.1208409
290.0814177000001
290.0814177000002
290.08141810000023
284.1208411000002
290.0814178000001
296.04199509999995
319.88430340000014
307.96314930000017
296.04199500000016
296.0419951000001
272.1996866
284.12084090000013
302.00257230000005
302.0025724000001
325.84488050000016
331.80545770000026
319.8843036000002
313.92372700000016
337.7660354
319.8843042000002
337.7660354000002
325.8448814000001
331.8054584000002
331.80545800000027
325.8448809000002
313.9237266
307.9631493000002
313.9237262000003
290.0814184000001
296.04199560000006
290.02141860000006
290.08141839999985
307.9631497000001
325.8448806000001
325.84488100000016
296.04199570000003
313.9237266000001
302.00257250000004
319.8843038000004
307.96314940000013
337.7660346000002
319.88430380000005
307.96314960000007
284.1208413999999
296.0419952999999
296.04199529999994
313.92372680000017
325.84488080000017
319.8843038000002
331.80545780000017
331.8054577000002
307.96314940000025
331.80545760000024
307.9631494000002
284.1208409
278.1602638999998
284.1208412000002
313.92372670000015
325.84488060000024
284.12084150000004
319.8843039000001
337.7660350000001
313.9237268000001
313.92372650000027
319.88430380000034
325.8448809000001
290.0814182000002
290.08141830000017
290.0814182999999
319.8843033000003
290.0814178000001
278.16026380000017
296.0419949000001
254.31795559999998
284.1208406000002
290.081418
296.04199500000004
266.2391098999999
278.16026380000017
284.12084070000014
272.19968650000015
260.27853259999995
290.0814179999999
296.0419948000001
284.12084040000013
284.1208404000001
254.3179551999998
290.08141750000027
272.19968670000003
284.12084080000017
284.1208408
290.0814178000001
296.04199490000013
290.0814178000002
260.2785323999999
266.23910960000006
278.16026350000016
278.16026330000017
254.37795509999995
260.27853209999995
260.2785321000002
254.31795509999992
260.27853200000015
248.35737829999988
260.27853240000024
266.2391093999999
266.2391094000001
272.1996869000001
290.08141850000004
313.92372650000016
307.9631492000001
296.0419951000001
302.0025723
307.9631496000001
313.92372670000026
313.92372690000025
310.9284620000001
337.7660350000002
325.84488100000016
313.9237265000002
331.80545790000025
325.8448809000002
319.8843038000002
307.9631496000002
313.9237266000002
325.84488050000016
319.88430370000003
307.9631494000002
290.08141820000003
302.0025721000001
307.9631490000001
296.04199470000015
272.1996866000001
272.1996866
284.1208408000001
284.1208409000001
290.0814181000002
296.04199459999984
266.2391092
254.31795509999995
254.3179552
248.35737820000003
260.2185322
272.1996864000001
284.12084080000017
290.0814177
266.2391093000001
266.23910920000003
236.43622359999983
206.6333382
218.5544924
224.51506910000006
218.55449220000014
224.51506949999998
236.43622360000012
260.2785319
236.43622369999994
236.43622349999995
224.51506930000008
200.67276099999998
206.63333790000001
191.74687150000008
188.7516065000002
182.7910297
188.75160660000012
200.6727608
194.71218380000005
206.6333378000001
206.63333779999994
176.8304527000001
212.593915
218.4944923
218.55449219999988
212.59391489999996
194.7121838
188.75160660000012
206.63333790000004
206.63333800000004
200.73276109999992
218.5544922
230.47564639999982
212.59391520000017
206.63333800000004
200.67276099999984
212.59391509999998
224.51506920000003
206.63333819999988
212.5939151999999
212.59391520000008
200.67276089999984
224.51506929999977
206.6333380999999
218.55449210000015
230.47564630000022
218.5544920999999
200.67276120000002
230.47564629999994
218.55449209999998
194.712184
206.63333799999998
224.5150691999999
218.55449220000014
212.5939152999999
224.51506930000002
218.55449229999968
218.5544923
218.5544923
224.5150693000001
224.51506939999987
212.59391520000025
218.5544923000001
224.51506929999988
236.43622330000014
236.43622350000012
218.55449230000013
206.63333819999988
218.55449199999998
194.7121836999998
188.75160670000002
188.75160650000007
182.7910294
188.75160660000017
182.79102950000018
188.7516065000001
176.83045240000004
170.86987530000016
182.7910294999999
200.67276090000007
200.6727608000001
194.71218359999992
182.79102950000006
188.75160649999995
188.75160650000007
182.79102939999993
194.7121838000001
212.5939149
218.55449209999998
194.7121841
212.59391520000008
206.6333381
203.66802589999992
212.5939151000002
218.55449220000008
212.59391510000006
212.59391509999995
206.63333809999992
218.5544923
236.43622340000005
218.55449230000005
224.51506949999984
230.4756466999999
230.4756465
230.47564650000004
224.51506960000003
236.4362236000001
242.39680069999994
230.47564659999992
230.47564659999992
236.4362235
242.39680059999998
242.3968009000001
260.27853200000004
236.4362239000001
254.3179550999998
254.31795510000018
266.2391096
272.19968620000003
260.2785322
236.49622400000007
284.1208406000001
260.2785324
260.27853210000006
266.2391091999999
260.27853200000004
266.29910920000003
272.19968630000005
272.1996862000002
260.27853200000004
242.39680100000024
266.23910929999994
272.1996862000001
248.35737809999992
266.2391093000001
260.27853210000006
248.35737799999987
260.278532
248.35737800000007
242.39680089999987
236.43622409999998
248.35737829999977
284.1208405
260.27853220000003
266.29910939999996
260.2785323999999
290.0814173999999
272.1996862
248.35737819999974
263.24384430000015
272.1996864
272.1996864999999
263.2438444
248.35737799999995
242.3968010000001
272.19968609999995
248.35737799999978
272.199686
242.39680079999994
230.47564649999995
242.39680070000014
248.35737790000002
254.31795490000016
248.35737800000007
266.2391092999998
233.44095899999994
260.2785319
248.35737790000022
254.31795509999995
242.3968008999998
248.35737789999988
266.2391091000001
272.19968650000015
251.35264320000002
266.23910950000004
284.1208404000002
266.23910930000005
248.3573777999999
236.43622340000005
218.55449230000002
218.55449219999994
188.75160690000004
206.63333789999996
206.63333790000004
200.67276089999993
188.75160660000006
200.67276090000007
200.67276079999993
206.63333779999994
194.7121838000001
182.79102950000012
188.75160659999992
194.71218370000008
188.75160670000005
206.63333790000004
218.5544922
224.51506919999989
218.55449220000003
230.47564640000007
242.39680070000006
242.39680090000004
254.31795539999993
278.1602639999999
296.0419952
284.1208406000001
278.1002639000001
278.16026389999996
302.0025719
272.1996869000001
266.23910999999987
296.04199520000003
307.96314920000015
278.16026400000015
290.0814179000001
290.0814182
313.9237261000002
284.12084080000005
284.1208406000001
278.16026370000014
266.2391092999999
260.27853230000005
260.27853259999995
278.1602636
284.1208405000001
266.23910930000005
266.2391093000001
272.1996865000002
260.2785322
260.2785324
272.1996863999999
284.1208404000001
248.35737799999984
242.39680080000002
236.43622359999972
212.59391550000004
242.39680069999983
218.5544924
260.2785318000001
242.39680100000015
260.27853229999994
278.16026320000003
254.31795500000007
230.47564680000008
260.2785322999999
266.23910930000005
290.0814176000001
266.2391096
296.04199500000016
302.00257200000016
266.23910959999995
248.3573783
260.27853230000005
266.2391094000001
278.1602634
275.1649987000002
296.0419948000002
296.0419950000001
278.1002640000001
307.9631490000001
296.0419948000001
266.23910950000004
257.2832678999998
260.2785326999998
278.16026380000005
272.1996866
272.1996866000002
284.12084080000005
284.12084080000017
290.0814182000001
290.08141809999995
307.96314900000027
284.1208410000001
284.12084080000005
278.1602635999999
266.2391095000002
272.1996866000001
284.12084070000003
278.16026380000017
290.0814180000002
284.12084079999994
266.23910960000006
242.39680120000008
248.35737800000007
272.1996861
248.35737780000008
254.3179548000002
248.3573778000001
260.27853200000004
260.2785319999999
272.1996861
254.31795510000003
242.39680089999993
242.3968009999999
254.31795480000025
260.2785320999999
272.1996863999998
275.16499860000005
266.23910930000017
230.47564689999987
260.2785322
272.1996864
266.2391093999999
260.2785324
272.1996864
260.27853209999995
248.29737790000007
236.4362239000001
224.51506949999992
248.35737759999995
236.4362235
242.39680070000009
230.47564659999992
254.3179547
236.43622349999998
242.3368005999999
236.43622350000012
236.43622369999997
236.43622370000008
260.2785318000001
236.4362236
248.35737760000006
254.31795459999995
236.43622350000012
230.47564650000004
212.5939151999999
206.63333800000004
206.63333810000006
218.55449210000003
182.79102960000012
182.79102950000004
188.75160670000005
182.7910296
176.83045240000018
176.83045239999996
182.7910295
194.71218360000003
176.83045240000007
302.0025728000001
319.8843040000001
319.88430390000025
343.7266119000002
313.92372700000004
337.7660350000001
307.96314960000007
307.9631496000001
307.96314910000007
278.16026380000005
278.1602636
296.0419944000002
284.1208407
284.12084070000003
254.31795539999993
275.1949510999999
260.27853200000015
242.39680069999977
266.2391091
260.27853210000006
248.35737799999978
272.1996863000001
248.35737820000003
272.1996864000001
242.39680099999995
260.2785323
278.16026350000004
284.1208408000002
307.96314900000016
284.1208409999999
284.18084090000013
302.0025721000001
278.1602639999999
284.1208412
290.0814180000002
284.120841
302.00257220000003
290.0814180000001
284.12084089999996
284.1208407000002
278.16026390000025
278.16026350000016
248.3573781999999
242.39680070000014
236.43622369999986
242.39680089999987
254.317955
242.396801
266.2391090000001
254.31795509999986
278.16026330000005
272.1996862
254.31795489999996
254.31795469999994
248.35737789999988
260.27853200000004
254.31795509999995
260.2785320000001
254.31795480000005
230.47564689999993
236.4362237
254.3179551
248.35737799999995
236.43622359999995
242.39680080000008
248.3573777999999
230.4756469
254.31795469999983
242.3968006000001
269.20442130000004
272.1996864
296.0419946000001
290.0814179000002
278.1602636
260.2785326
290.0814176000001
284.12084060000007
284.0608406999999
272.1996861
236.4362238000001
260.2785319000001
248.3573780999998
248.35737779999985
236.4362237000001
218.55449240000016
224.51506959999992
260.27853200000004
278.16026340000013
266.2391092999999
266.23910920000003
242.3968009999999
254.3179549999999
266.23910910000006
260.27853230000005
254.31795520000003
254.3179549999997
260.2785321
248.3573778
266.2391091999999
260.2785322999999
278.1602637000002
302.00257200000027
269.204422
284.12084120000014
307.9631492000001
296.04199520000014
296.04199520000003
302.0025720000001
296.0419952000001
331.7454577000001
325.8448811000001
325.8448810000002
307.9631500000002
337.76603530000006
325.84488120000015
343.72661230000006
325.84488120000015
331.80545830000017
331.80545820000015
319.8843041000002
325.8448809000002
296.0419953999999
290.08141829999994
296.0419949
260.2785325
290.0814174
272.1996863999999
266.2391094000001
284.1208404000002
272.19968660000006
254.31795549999978
254.31795520000003
266.2391090999999
260.2785320999999
248.35737780000017
242.39680080000008
236.43622379999994
254.31795490000005
248.35737799999984
248.35737820000014
272.13968630000005
254.31795529999997
272.1996866
278.16026369999986
278.1602635
260.2785323
272.19968630000017
296.0419945000002
272.1996861
254.31795509999995
260.27853189999996
272.1996862000002
248.35737829999988
272.1996865
284.12084099999987
307.9631494
296.04199530000017
284.1208409000002
284.1208412000002
302.00257200000027
272.19968659999995
284.12084040000025
266.2391092000002
260.27853259999995
296.0419947000001
296.0419945000001
272.19968650000027
290.0814177
272.1996867
278.1602637000001
296.0419947000001
266.2391094
254.31795540000002
260.27853220000014
260.27853229999994
266.2391095999999
260.2785324999999
260.27853220000014
266.23910960000006
296.0419948000001
284.12084100000004
307.96314910000007
272.19968689999996
278.1602636000001
254.31795509999992
278.1602634
254.31795560000006
266.23910970000003
296.0419949
284.12084080000017
290.0814178000001
278.1602637
266.2391097999999
296.0419951
266.2391097000001
278.1602636000002
278.1602635
266.23910959999995
272.1996866000001
278.1602636
272.1996865999999
272.1996864999999
272.1996864999999
260.2785325000001
236.43622439999996
248.35737820000014
260.2785322000001
266.23910920000014
290.0814176000001
272.1996866999999
284.12084070000014
290.0814176000001
278.1602634999999
260.2785324999999
290.08141770000003
266.2391096000003
278.1602633000001
248.35737810000018
248.35737839999993
272.1996863
248.35737809999992
254.25795549999998
284.0608407
260.2785327
302.0025721000001
296.04199500000027
296.04199500000004
302.0025719000002
272.1996866000001
260.27853260000006
290.08141749999993
254.3179554000001
278.16026360000023
278.16026360000006
278.1602637
278.1602635999998
278.16026350000016
272.19968660000023
284.1208405000002
278.1602637
266.23910970000003
278.16026380000005
290.08141770000026
254.31795560000003
278.16026400000027
290.14141810000007
302.0025722000002
290.0814179000001
278.16026370000003
266.2391094000001
278.16026359999984
260.2785323
278.16026330000005
230.47564719999977
248.3573778000001
236.43622400000012
284.1208405000001
260.27853220000003
263.24384469999995
296.04199460000007
272.1996864000001
266.2391095
260.2785323
284.0608404000002
260.2785321999999
266.23910920000014
254.3179551
260.27853210000006
242.4568007000001
266.1791089000001
242.39680079999994
254.3179549999999
254.31795520000003
248.35737810000006
254.3179550999998
254.3179549999999
236.43622389999996
230.47564660000012
254.31795499999996
242.39680090000002
254.3179551
260.27853209999995
254.31795499999996
242.39680089999993
260.2785321999998
260.27853230000005
248.35737829999982
266.2391094000001
266.23910950000004
278.1602637
266.2391096
284.12084070000014
278.1602639000002
284.12084080000017
278.1602638000001
296.0419949000001
278.16026350000004
272.1996866000001
272.1996865
260.27853240000013
266.23910980000005
290.0814178
284.12084070000003
307.96314910000007
302.00257170000003
272.19968659999995
284.12084050000016
272.19968650000027
260.2185322999999
266.23910939999973
284.12084080000017
284.1208409000002
260.2785326000001
290.0814179000002
272.1996867999998
296.0419947000002
260.2785321999999
260.2785321000001
254.3179548
239.43148870000002
254.31795519999997
272.1996863999999
284.12084070000014
290.08141749999993
260.2785322000002
260.2785324000001
266.2391093999998
278.16026350000016
272.1996862999998
272.1396864
290.0814175000002
266.2391094000001
254.31795499999996
254.31795510000015
296.04199450000016
254.31795530000008
272.1996864000002
278.16026349999987
278.16026330000005
284.12084040000013
296.04199450000027
248.3573782999999
278.1602635000001
269.20442160000005
272.19968659999995
260.27853239999985
272.1396864
272.2596865999998
272.1996867999999
290.08141770000003
266.23910970000014
269.20442170000007
272.1396866
302.00257190000025
284.1208407
278.16026370000003
307.963149
290.0814180000002
319.8843033000002
290.0814183999999
302.0025720000001
266.23910980000005
290.08141790000013
302.0025722000001
331.8054578000002
325.84488090000013
319.88430390000025
319.8843039000001
325.84488110000007
337.76603520000043
337.7660354000002
325.84488110000024
337.76603480000017
313.92372700000016
337.7660349
307.9631496000001
319.88430370000026
313.9237265000001
290.0814183999999
307.96314950000004
313.9237265000001
313.9237266000002
337.76603480000017
319.8843038000001
296.0419954000001
307.9631493000003
302.00257220000026
296.04199550000027
296.0419956000002
313.9237268000001
319.8843040000001
325.84488110000024
337.7660352000001
325.84488140000013
325.84488140000013
337.7660353000002
355.64776630000006
331.8054583000001
331.8054585000001
307.9631499
319.8843036000002
313.9237267000002
331.8054581000001
331.8054582000002
331.8054584000002
355.64776630000017
307.9631501000002
325.8448810000003
319.8843038000001
337.76603510000024
343.7266121000002
319.8843042000001
331.8054581000001
325.8448810000002
307.9631498000001
319.8843039000002
337.76603530000006
325.84488130000017
331.8054585000001
325.8448812000002
337.7060353000002
343.72661240000025
331.80545870000014
331.8054586000002
307.9631499
337.76603490000014
313.92372690000013
290.1414186000002
325.84488120000015
337.76603530000017
319.8843042000002
331.80545800000016
337.76603510000007
331.80545760000024
302.0025724000001
325.7848806000003
296.04199580000017
290.0814184
307.96314939999996
319.88430360000007
296.0419954000001
307.9631494
313.92372670000003
319.88430390000013
331.80545790000014
319.884304
331.80545800000027
313.92372690000025
307.96315000000004
331.8054583000001
325.84488130000017
343.7266123000001
337.7660352000002
331.8054581000002
325.84488140000013
331.8054583000001
331.80545800000027
337.76603470000015
307.96314970000003
296.04199540000025
325.8448805000002
313.9237263000001
272.1996872000001
302.0025724999999
296.04199570000003
302.00257250000004
307.9631493000001
296.04199500000016
290.08141829999994
296.0419954000002
310.9584138000002
281.1555287000002
296.0419953000002
284.12084089999985
302.0025724000002
290.0814186
331.80545790000025
337.76603510000024
343.7266122000001
307.9631498000001
343.7266119000003
331.80545820000015
349.68718940000014
361.60834370000003
367.5689209000001
361.6083439
343.7266129
355.6477670000001
337.7660358000001
355.64776710000007
343.7266131000001
355.6477668
331.80545830000017
331.80545850000016
343.7266126000002
331.8054584000002
340.76130050000023
343.7266123000001
343.7266123000001
331.80545830000034
