500
((0 0 0 1 0 0 1 0) . 52)
((0 0 0 0 0 0 1 0) . 48)
400
((0 0 0 0 0 0 1 0) . 61)
((0 0 0 1 0 0 1 0) . 39)
300
((0 0 0 0 0 0 1 0) . 64)
((0 0 0 1 0 0 1 0) . 36)
200
((0 0 0 0 0 0 1 0) . 60)
((0 0 0 1 0 0 1 0) . 40)
100
((0 0 0 0 0 0 1 0) . 70)
((0 0 0 1 0 0 1 0) . 30)
500
((0 0 0 0 0 0 1 0) . 60)
((0 0 0 1 0 0 1 0) . 40)
400
((0 0 0 0 0 0 1 0) . 68)
((0 0 0 1 0 0 1 0) . 32)
300
((0 0 0 0 0 0 1 0) . 78)
((0 0 0 1 0 0 1 0) . 22)
200
((0 0 0 0 0 0 1 0) . 69)
((0 0 0 1 0 0 1 0) . 31)
100
((0 0 0 0 0 0 1 0) . 71)
((0 0 0 1 0 0 1 0) . 29)
500
((0 0 0 1 0 0 1 0) . 50)
((0 0 0 0 0 0 1 0) . 50)
400
((0 0 0 0 0 0 1 0) . 60)
((0 0 0 1 0 0 1 0) . 40)
300
((0 0 0 0 0 0 1 0) . 65)
((0 0 0 1 0 0 1 0) . 35)
200
((0 0 0 0 0 0 1 0) . 62)
((0 0 0 1 0 0 1 0) . 38)
100
((0 0 0 0 0 0 1 0) . 53)
((0 0 0 1 0 0 1 0) . 47)
